0.000000	0.7853981633974483	1.5707963267948966	0.0000000000000000	-0.000000
0.100000	0.6662859713275268	1.3259287513969058	-0.0193625208196260	-0.010223
0.200000	0.4596869821504390	0.4618184223476060	-0.0339390151997672	-0.018976
0.300000	-0.0432793202061161	-0.2239383517846228	-0.0425496531396634	-0.017962
0.400000	-0.6363439433185898	-0.5746133800602812	-0.0319002645743054	-0.014566
0.500000	-0.8545605096426165	-1.0960812697973941	-0.0114542289781152	-0.007330
0.600000	-0.7430661987507817	-1.4489096513960076	0.0103361790557655	0.001742
0.700000	-0.4394091956859874	-1.2480728023591465	0.0258860305190059	0.012308
0.800000	-0.2238003978774580	-0.1946889505133790	0.0333462649909848	0.020525
0.900000	0.2079936471633520	0.5924348373693287	0.0372999723048538	0.015292
1.000000	0.7507800917134065	0.7222162726026078	0.0232581257081396	0.009305
1.100000	0.8963954120665281	0.9486367413056815	0.0009166319643872	0.002223
1.200000	0.6188545497282534	1.1957933103450686	-0.0200178534055557	-0.006121
1.300000	0.2564550132274685	0.7804032701191792	-0.0305215029329879	-0.016146
1.400000	0.0238506571675031	-0.2826182562516960	-0.0349074932312487	-0.018406
1.500000	-0.4653006324831722	-0.7364003937503710	-0.0305667179175050	-0.011549
1.600000	-0.8658398691924702	-0.7621752808951834	-0.0117244176946036	-0.004972
1.700000	-0.7955934420699605	-0.9704114156280850	0.0106558944782132	0.002404
1.800000	-0.4062647713507181	-1.0105550169390274	0.0274109308954260	0.010820
1.900000	-0.1000578377223695	-0.2271436873526146	0.0321573374318331	0.018793
2.000000	0.2240238418552669	0.6190438913542475	0.0326399973581646	0.014876
2.100000	0.6636029707960545	0.8385469992708218	0.0203712215831562	0.007610
2.200000	0.8448772252477419	0.8666592398733974	-0.0004490428441518	0.000276
2.300000	0.6112160012601919	0.9425442899792084	-0.0205027721814780	-0.007487
2.400000	0.2364804408693027	0.5762902823076119	-0.0313671224586448	-0.015555
2.500000	-0.0706579973054795	-0.2714209048277580	-0.0338814842932866	-0.017081
2.600000	-0.5009996115897283	-0.7189107419648729	-0.0267717874517825	-0.011093
2.700000	-0.7881113665792888	-0.8651789510618939	-0.0085864740814238	-0.004038
2.800000	-0.7029475609242477	-1.0009082221290768	0.0119403153606531	0.003851
2.900000	-0.3843385284745432	-0.8306377145369317	0.0267716620052616	0.012324
3.000000	-0.0998928608150557	-0.0478809722569484	0.0328064750384066	0.017535
3.100000	0.3112692759966797	0.5434319297159662	0.0314285128013268	0.013510
3.200000	0.6993534774380937	0.7590734509991899	0.0168498931654226	0.007397
3.300000	0.7514911241781137	0.9643005398181336	-0.0032600884195165	-0.000047
3.400000	0.5027726875519537	0.9981088166889740	-0.0208012220705778	-0.008373
3.500000	0.2188069237364713	0.4197394177186357	-0.0296407693388170	-0.016263
3.600000	-0.0913442145881197	-0.3644772054816185	-0.0328504979289691	-0.015451
3.700000	-0.5377440571697113	-0.6691158225062204	-0.0242363548267206	-0.009837
3.800000	-0.7693544696361261	-0.8204296677358582	-0.0057129167308129	-0.003225
3.900000	-0.6275678937798294	-0.9854536241571875	0.0137550634339935	0.004474
4.000000	-0.3166970853123471	-0.7500807101618758	0.0264680540699620	0.012839
4.100000	-0.0629793762990176	0.0636957899396695	0.0315026182027872	0.016732
4.200000	0.3424395210668981	0.5781868917584583	0.0289796642572768	0.012106
4.300000	0.7002859544255814	0.7333733783812816	0.0138645692783609	0.006055
4.400000	0.7085365200258660	0.9129208205551734	-0.0057977303665815	-0.001121
4.500000	0.4373838485539115	0.9102332049830448	-0.0218992173679976	-0.009138
4.600000	0.1643628754516896	0.2951910700346805	-0.0291906890845202	-0.016087
4.700000	-0.1487164950748709	-0.4252818903376744	-0.0308353000944768	-0.014244
4.800000	-0.5575888522231067	-0.6868125827782362	-0.0209045217820618	-0.008481
4.900000	-0.7359186262860108	-0.8129606414240148	-0.0025521035665934	-0.001814
5.000000	-0.5663829884747675	-0.9180380929853912	0.0157597938475702	0.005709
5.100000	-0.2647086053566464	-0.6012419939311276	0.0268184467170214	0.013451
5.200000	-0.0010650228299583	0.1660691020488154	0.0307270488462937	0.015690
5.300000	0.3953757527809145	0.5999775391372818	0.0260472299522761	0.010858
5.400000	0.6928959274877735	0.7463385685963787	0.0103192337085141	0.004686
5.500000	0.6521195344019936	0.8941172519140966	-0.0085785726690187	-0.002500
5.600000	0.3774813168481091	0.7983576517083530	-0.0229780982214071	-0.010296
5.700000	0.1166554700072369	0.1407181770976875	-0.0291751467638468	-0.015764
5.800000	-0.2231706864124706	-0.4678858581453345	-0.0289627528210855	-0.012936
5.900000	-0.5900329888631437	-0.6905888245509179	-0.0172280754285777	-0.007241
6.000000	-0.6921322638111671	-0.8336092815377806	0.0009562300011462	-0.000458
6.100000	-0.4934750289136483	-0.8739722521517588	0.0177381270982833	0.007083
6.200000	-0.2168248241835499	-0.4388601641989942	0.0270136700351738	0.014134
6.300000	0.0637899345118643	0.2691171723094479	0.0298772590460335	0.014523
6.400000	0.4525414581266891	0.6136719438645246	0.0229389123234862	0.009543
6.500000	0.6834830847835957	0.7579044272916609	0.0065679612518942	0.003302
6.600000	0.5890210303304106	0.8787744535424296	-0.0114276629151062	-0.003903
6.700000	0.3159072757483699	0.6787993135933684	-0.0239289814556543	-0.011444
6.800000	0.0640477648007078	-0.0090229934856162	-0.0290211320232576	-0.015230
6.900000	-0.2951108854632459	-0.5101770580824713	-0.0267724864622391	-0.011585
7.000000	-0.6173990085063508	-0.6937496366494577	-0.0134787360460750	-0.005874
7.100000	-0.6479585640768437	-0.8390765409134633	0.0044846142912408	0.000950
7.200000	-0.4216474610706401	-0.8109180449415379	0.0196426950556536	0.008427
7.300000	-0.1636113278648333	-0.2793692464557961	0.0271978734585604	0.014523
7.400000	0.1361280310206919	0.3592019049505490	0.0285618576177817	0.013321
7.500000	0.5030554325249106	0.6334923272730349	0.0195019190275810	0.008144
7.600000	0.6656143078918159	0.7702667500889629	0.0027099205106639	0.001790
7.700000	0.5240325227966676	0.8451960416793924	-0.0142102359303743	-0.005393
7.800000	0.2561506005074008	0.5376622011741878	-0.0248031812952030	-0.012456
7.900000	-0.0007631253107127	-0.1422708050348784	-0.0286202069540449	-0.014452
8.000000	-0.3644716026691138	-0.5499277864209067	-0.0240723439854092	-0.010221
8.100000	-0.6317203528417769	-0.7065652792230191	-0.0095670410522172	-0.004376
8.200000	-0.5984987080365675	-0.8317406243378587	0.0079423801379066	0.002485
8.300000	-0.3540214627815648	-0.7161556557142786	0.0213647638612063	0.009775
8.400000	-0.1059614786508180	-0.1192118737812400	0.0273959479117151	0.014521
8.500000	0.2153581199078214	0.4314169893801889	0.0268052275719445	0.012052
8.600000	0.5469126341335323	0.6524814476623255	0.0157414123210879	0.006701
8.700000	0.6362583996394698	0.7849668164863974	-0.0012200172849276	0.000214
8.800000	0.4550593639418079	0.7966596610041514	-0.0167895709500778	-0.006940
8.900000	0.1982972477880323	0.3790353236013626	-0.0255068850392915	-0.013252
9.000000	-0.0753639711293636	-0.2580745300318917	-0.0278446523364517	-0.013458
9.100000	-0.4299033003869585	-0.5838099494271656	-0.0208916405751449	-0.008817
9.200000	-0.6316881766459317	-0.7254281490191751	-0.0054918382135778	-0.002796
9.300000	-0.5407339777008586	-0.8139306135596617	0.0112551320894804	0.004105
9.400000	-0.2895370437612795	-0.5928109117625803	0.0228045101260370	0.011055
9.500000	-0.0424343127662403	0.0346504650800828	0.0274217533182679	0.014124
9.600000	0.2951784776037841	0.4889539230686349	0.0245530911710757	0.010709
9.700000	0.5800337477460524	0.6695895217493025	0.0117574242719896	0.005188
9.800000	0.5966629880422336	0.7923494214914759	-0.0051015995572898	-0.001401
9.900000	0.3844858035047679	0.7259403791246585	-0.0190705569719943	-0.008462
10.000000	0.1388589997793635	0.2141280970442824	-0.0260150410661414	-0.013690
10.100000	-0.1562376468622571	-0.3553733700786211	-0.0265515725099515	-0.012304
10.200000	-0.4874086932941318	-0.6127530747985825	-0.0172992779110315	-0.007344
10.300000	-0.6174760951041717	-0.7439215475090035	-0.0013324487429881	-0.001149
10.400000	-0.4760242744725290	-0.7798624933678048	0.0143346254777430	0.005756
10.500000	-0.2268691964590593	-0.4463827776811681	0.0239432194333074	0.012132
10.600000	0.0303610598896114	0.1715104098751068	0.0270478543202732	0.013393
10.700000	0.3700943728371775	0.5368818240327788	0.0217229650659671	0.009303
10.800000	0.5968422041075879	0.6894344481752894	0.0076053026062706	0.003577
10.900000	0.5474349194471241	0.7851691763464227	-0.0088114074932100	-0.003082
11.000000	0.3159814531080962	0.6233944037792903	-0.0209962661030665	-0.009901
11.100000	0.0746728596755425	0.0517827012364013	-0.0263127894553854	-0.013665
11.200000	-0.2400018420475662	-0.4328133851412950	-0.0246741242160553	-0.011026
11.300000	-0.5332712382524241	-0.6374104925367879	-0.0133732903989056	-0.005803
11.400000	-0.5890808239097740	-0.7574376865813762	0.0028054965426557	0.000541
11.500000	-0.4068272137925213	-0.7236620613516546	0.0170723909330589	0.007393
11.600000	-0.1645568234478791	-0.2848567459925861	0.0247799518376274	0.012871
11.700000	0.1113303802652631	0.2874384184160899	0.0261301614833604	0.012400
11.800000	0.4370040916372399	0.5764018700165465	0.0183512770354048	0.007827
11.900000	0.5958445952706380	0.7106784255435058	0.0033310325950432	0.001887
12.000000	0.4885385821235908	0.7612677397337761	-0.0122595657334729	-0.004808
12.100000	0.2499756463763620	0.4906096545230075	-0.0225280633407560	-0.011165
12.200000	0.0030450235768939	-0.0984241660656972	-0.0262471720579324	-0.013201
12.300000	-0.3211569863545512	-0.4940042031514666	-0.0221677051936947	-0.009648
12.400000	-0.5630467002637419	-0.6603054389960622	-0.0092101070345581	-0.004178
12.500000	-0.5478297049575166	-0.7587784605756464	0.0067954852255434	0.002273
12.600000	-0.3367647570006548	-0.6376723596709175	0.0193937982294535	0.008951
12.700000	-0.0994680529105194	-0.1195180062541960	0.0253189539376292	0.013151
12.800000	0.1967087408817987	0.3814279549660052	0.0245822660794997	0.011214
12.900000	0.4923658288359675	0.6085170161525434	0.0145438232426777	0.006275
13.000000	0.5777953287247722	0.7280650506209466	-0.0009639284734485	0.000147
13.100000	0.4222568366053013	0.7159703046999650	-0.0153500196037342	-0.006525
13.200000	0.1851285850088404	0.3360711482832269	-0.0236662660984081	-0.012122
13.300000	-0.0770342268764936	-0.2285097063651348	-0.0256357575930563	-0.012383
13.400000	-0.3948509259793893	-0.5431373641955506	-0.0190349865186130	-0.008184
13.500000	-0.5734690728949448	-0.6834063511341392	-0.0048866312064988	-0.002466
13.600000	-0.4948423400240169	-0.7429387688145414	0.0105214140888936	0.004046
13.700000	-0.2684153370390105	-0.5184811470769416	0.0212597485626510	0.010347
13.800000	-0.0283968174055194	0.0383939806065190	0.0254873857282313	0.012933
13.900000	0.2814250802242985	0.4551015516252327	0.0223592981681257	0.009883
14.000000	0.5319448542869327	0.6355042638651609	0.0104201106863303	0.004641
14.100000	0.5441607376055665	0.7351182752756280	-0.0051457001673561	-0.001627
14.200000	0.3524088847771750	0.6424033419211579	-0.0179928430507037	-0.008169
14.300000	0.1188672581915948	0.1715683067779086	-0.0244269908667972	-0.012636
14.400000	-0.1627675830512610	-0.3357379957389829	-0.0243657263148428	-0.011301
14.500000	-0.4572538958716811	-0.5823069833945695	-0.0153735987740101	-0.006632
14.600000	-0.5646044531044019	-0.7033103810951774	-0.0005010346144177	-0.000695
14.700000	-0.4321687789370819	-0.7058652327184407	0.0138835881090445	0.005818
14.800000	-0.2015061074253592	-0.3723090308155953	0.0226645298317885	0.011460
14.900000	0.0506896057237998	0.1786558846053664	0.0251185334654716	0.012287
15.000000	0.3598407725009816	0.5130928082013425	0.0194522734953873	0.008439
15.100000	0.5517312982483250	0.6605063264662625	0.0060878938888694	0.002919
15.200000	0.4967872474803973	0.7254741106234249	-0.0090788350148618	-0.003435
15.300000	0.2827459352765051	0.5350187544272303	-0.0201379677952881	-0.009660
15.400000	0.0478556994882112	0.0098335084014533	-0.0247843399098027	-0.012629
15.500000	-0.2493857458810961	-0.4203632854636284	-0.0223834990417677	-0.010028
15.600000	-0.5042005488169988	-0.6137935858225373	-0.0113185415995510	-0.004994
15.700000	-0.5379443500128553	-0.7141535771098139	0.0038090285325739	0.001112
15.800000	-0.3636087036823488	-0.6415041521366317	0.0167839227352302	0.007525
15.900000	-0.1340321538726141	-0.2108137179180946	0.0236262749600809	0.012150
16.000000	0.1362143618897323	0.2961432639081212	0.0240773738220514	0.011313
16.100000	0.4274561274200888	0.5587196910118567	0.0159412996454705	0.006895
16.200000	0.5507194885703780	0.6822845040696263	0.0016540142526569	0.001128
16.300000	0.4378443423091175	0.6947022130563851	-0.0126498510821304	-0.005246
16.400000	0.2143097734018582	0.3971406672741987	-0.0217717527433306	-0.010887
16.500000	-0.0304607598598849	-0.1373560520721264	-0.0246071175985759	-0.012141
16.600000	-0.3310015566047329	-0.4863099315288786	-0.0196757758678944	-0.008613
16.700000	-0.5314145757389115	-0.6409606019971028	-0.0070022771572068	-0.003266
16.800000	-0.4956880404624602	-0.7091729271923991	0.0078944144745431	0.002946
16.900000	-0.2934860526431925	-0.5437007896684939	0.0191583712049594	0.009088
17.000000	-0.0627993056705976	-0.0477310832597174	0.0241424354217383	0.012316
17.100000	0.2237703759536953	0.3898895397240284	0.0222962762942049	0.010103
17.200000	0.4799624214569380	0.5945799947436383	0.0119678230009713	0.005257
17.300000	0.5302011931660875	0.6957156522768957	-0.0027402899851095	-0.000704
17.400000	0.3710764758760239	0.6372513760285379	-0.0157538923080990	-0.006999
17.500000	0.1457324141495549	0.2396620087221331	-0.0229098402529055	-0.011709
17.600000	-0.1155573459227524	-0.2626258595969948	-0.0237508110413598	-0.011271
17.700000	-0.4024349814774463	-0.5377076273309718	-0.0163064335447986	-0.007082
17.800000	-0.5369357500749355	-0.6642592699330647	-0.0025470082064191	-0.001463
17.900000	-0.4402928015913359	-0.6832097070693188	0.0116252772234329	0.004786
18.000000	-0.2240009428365747	-0.4133283054778751	0.0209844364489603	0.010398
18.100000	0.0150294894892654	0.1039009845824471	0.0241166899475123	0.011965
18.200000	0.3074778181208895	0.4627840238821903	0.0197575242666776	0.008720
18.300000	0.5129401712582982	0.6240606310109329	0.0076818006627897	0.003527
18.400000	0.4924841585901403	0.6941268262297546	-0.0069357137965837	-0.002560
18.500000	0.3010965537947460	0.5469235945274554	-0.0183140092674109	-0.008614
18.600000	0.0741239110619650	0.0767742789303615	-0.0235607096393353	-0.012011
18.700000	-0.2035085623253448	-0.3637010302192184	-0.0221341735740783	-0.010122
18.800000	-0.4591088450255433	-0.5775846003526980	-0.0124161369088517	-0.005447
18.900000	-0.5216481185424938	-0.6795124564243556	0.0019010882446865	0.000386
19.000000	-0.3754750873230977	-0.6309364798451755	0.0148884827898827	0.006572
19.100000	-0.1544962573339591	-0.2601006953438557	0.0222728545031352	0.011318
19.200000	0.0996789407573158	0.2349061967509773	0.0234069170086884	0.011189
19.300000	0.3816563331458261	0.5192242469306121	0.0165135352777434	0.007203
19.400000	0.5237437280102174	0.6486879506438368	0.0032217827295274	0.001716
19.500000	0.4402913129137042	0.6717675068268252	-0.0107875579205289	-0.004421
19.600000	0.2309625833655574	0.4229293644887341	-0.0202980740609477	-0.009984
19.700000	-0.0034597365417494	-0.0774931649604673	-0.0236546625412110	-0.011775
19.800000	-0.2885323735387112	-0.4424610701246615	-0.0197342273165877	-0.008772
19.900000	-0.4964755056981210	-0.6093496455884065	-0.0081668619060137	-0.003715
20.000000	-0.4878397303689055	-0.6803202490941153	0.0061745928949467	0.002260
20.100000	-0.3060006669981787	-0.5462857715002207	0.0175962963847325	0.008225
20.200000	-0.0824459055678386	-0.0982942305232307	0.0230364972753022	0.011724
20.300000	0.1877301408108056	0.3416964878830714	0.0219213495503068	0.010098
20.400000	0.4414030023906498	0.5626492575277305	0.0127007842508320	0.005573
20.500000	0.5127737199603143	0.6652428318511860	-0.0012592071952100	-0.000146
20.600000	0.3773696253339052	0.6233105205787198	-0.0141731987406334	-0.006231
20.700000	0.1607170544354614	0.2737229995186519	-0.0217110187457227	-0.010976
20.800000	-0.0877362571925694	-0.2125737931472074	-0.0230584293544166	-0.011080
20.900000	-0.3646255687006094	-0.5031972891273713	-0.0165958281504672	-0.007271
21.000000	-0.5114241955831723	-0.6351621364550120	-0.0037118615979733	-0.001899
21.100000	-0.4384240712390445	-0.6605671829938059	0.0101163140260569	0.004136
21.200000	-0.2355235613101145	-0.4274531672025220	0.0197071037814615	0.009640
21.300000	-0.0049231701869813	0.0573349109772568	0.0232239387239767	0.011580
21.400000	0.2735352911697617	0.4252403495545353	0.0196316882728731	0.008779
21.500000	0.4820304633982638	0.5965259615441675	0.0084891640255947	0.003841
21.600000	0.4822226387314988	0.6676739463418210	-0.0055867197937118	-0.002033
21.700000	0.3085763771647442	0.5428427212206168	-0.0169958332454920	-0.007911
21.800000	0.0882110358350140	0.1134360440582456	-0.0225664977082524	-0.011461
21.900000	-0.1757359743291022	-0.3236792849580944	-0.0216737820688048	-0.010039
22.000000	-0.4265667192037021	-0.5496547364095720	-0.0128506613811853	-0.005646
22.100000	-0.5038984842339963	-0.6526325515201463	0.0007877734961424	-0.000027
22.200000	-0.3772199555267965	-0.6148156201861645	0.0135939639574215	0.005964
22.300000	-0.1647046145910730	-0.2817845358359068	0.0212198793343301	0.010682
22.400000	0.0790876418517858	0.1951646497830132	0.0227127385314638	0.010952
22.500000	0.3508962083221474	0.4895292187338048	0.0165780073057447	0.007292
22.600000	0.5001144105316019	0.6233727680852245	0.0040442527384959	0.002021
22.700000	0.4351247640003553	0.6496875646387943	-0.0095932463481425	-0.003922
22.800000	0.2379691969628431	0.4279949919129876	-0.0192052145236472	-0.009356
22.900000	0.0106150874767290	-0.0426759404793147	-0.0228247969653951	-0.011387
23.000000	-0.2619518892244247	-0.4109801711683909	-0.0194679628698467	-0.008748
23.100000	-0.4695216125303455	-0.5853780760475321	-0.0086737734220682	-0.003913
23.200000	-0.4759583388046559	-0.6560744890389084	0.0051510968934562	0.001871
23.300000	-0.3091517435176769	-0.5372861243788810	0.0165029571408189	0.007663
23.400000	-0.0917557481624958	-0.1231602893221997	0.0221470799560787	0.011222
23.500000	0.1669661176306050	0.3093904405472110	0.0214018863122776	0.009954
23.600000	0.4143147193416923	0.5384899394991708	0.0128881195584461	0.005672
23.700000	0.4952191930377342	0.6414443066824829	-0.0004643968024131	0.000142
23.800000	0.3753904195151642	0.6057086003849125	-0.0131374617525334	-0.005762
23.900000	0.1667129583911844	0.2852621059001815	-0.0207946465530634	-0.010432
24.000000	-0.0732394014115242	-0.1822047608833377	-0.0223737091571289	-0.010812
24.100000	-0.3400707831783670	-0.4780997577815522	-0.0164783519673633	-0.007274
24.200000	-0.4898541993418573	-0.6130804965953065	-0.0042408167123378	-0.002090
24.300000	-0.4307110562047551	-0.6391387351137565	0.0092020424821819	0.003769
24.400000	-0.2385468910674202	-0.4253434252435014	0.0187856380245104	0.009126
24.500000	-0.0139896758376476	0.0328374756266149	0.0224559566133252	0.011200
24.600000	0.2533301403341661	0.3995059727255684	0.0192555998367706	0.008686
24.700000	0.4588138705056881	0.5757428400364926	0.0087406070181198	0.003939
24.800000	0.4692671355991683	0.6453935192902639	-0.0048496236786711	-0.001765
24.900000	0.3080040907584591	0.5300665884490025	-0.0161080819048781	-0.007472
25.000000	0.0933432138813087	0.1282614183294697	-0.0217743446396286	-0.011009
25.100000	-0.1609700994047847	-0.2985376912933476	-0.0211122197716785	-0.009847
25.200000	-0.4043703263400245	-0.5290408243491291	-0.0128304255913080	-0.005658
25.300000	-0.4868430142827958	-0.6314742076358943	0.0002703846892283	-0.000205
25.400000	-0.3721646378243569	-0.5961300169066011	0.0127912909471963	0.005616
25.500000	-0.1669550619607574	-0.2849101074844898	0.0204302142157360	0.010222
25.600000	0.0698066497604402	0.1732346759939350	0.0220428484038621	0.010664
25.700000	0.3317974037873067	0.4687705517707442	0.0163103250550524	0.007222
25.800000	0.4806184063806130	0.6040929895200532	0.0043193463326192	0.002112
25.900000	0.4254120491305591	0.6288874561751949	-0.0089281966348903	-0.003669
26.000000	0.2374697990127857	0.4200628976341266	-0.0184413899099427	-0.008944
26.100000	0.0153356296771392	-0.0272192345003264	-0.0221151678525034	-0.011020
26.200000	-0.2472877020485827	-0.3906202568589708	-0.0190031983896924	-0.008597
26.300000	-0.4497456804730462	-0.5674819141856874	-0.0087055482350398	-0.003923
26.400000	-0.4622911944237520	-0.6354982872265212	0.0046666806038470	0.001708
26.500000	-0.3053633000328487	-0.5214735713235359	0.0158019012054709	0.007331
26.600000	-0.0931850299117470	-0.1293918724706715	0.0214441552070481	0.010819
26.700000	0.1573823948318514	0.2908161534936428	0.0208086230480751	0.009723
26.800000	0.3964720163478563	0.5211876266620964	0.0126909028108704	0.005608
26.900000	0.4788128574504463	0.6225450207040705	-0.0001900656320025	0.000222
27.000000	0.3677604930258653	0.5861445513370672	-0.0125440003400864	-0.005520
27.100000	0.1656115146164227	0.2813092671558038	-0.0201212466790829	-0.010048
27.200000	-0.0684847934797774	-0.1678222078392927	-0.0217200641471485	-0.010509
27.300000	-0.3257647142200571	-0.4613901349310709	-0.0160837749463212	-0.007140
27.400000	-0.4723394034467165	-0.5962487806188081	-0.0042944116236945	-0.002093
27.500000	-0.4193894722272640	-0.6188727041414046	0.0087588019637474	0.003617
27.600000	-0.2349201336965254	-0.4125551784371554	0.0181654453215651	0.008804
27.700000	-0.0148812201669931	0.0252967977166138	0.0217995472601805	0.010848
27.800000	0.2434996922018269	0.3841119642344702	0.0187164980720537	0.008485
27.900000	0.4421437816724631	0.5604692722191618	0.0085813073663505	0.003871
28.000000	0.4551145969784650	0.6262566709905540	-0.0045887453395207	-0.001696
28.100000	0.3014172794683390	0.5116872854914422	-0.0155754987344994	-0.007234
28.200000	0.0914548127780149	0.1270865306173954	-0.0211521770872804	-0.010650
28.300000	-0.1559029573712032	-0.2859217561606239	-0.0204930013714307	-0.009584
28.400000	-0.3903754638416630	-0.5148052506426428	-0.0124798222832931	-0.005526
28.500000	-0.4711260528771111	-0.6144994049435916	0.0002102216144869	-0.000198
28.600000	-0.3623434343104867	-0.5757658264768186	0.0123850539430381	0.005468
28.700000	-0.1628361582532225	-0.2749068064435416	0.0198622733453261	0.009904
28.800000	0.0690287656011205	0.1655678670926384	0.0214041616840187	0.010351
28.900000	0.3216963410214069	0.4557986384597890	0.0158058369987121	0.007032
29.000000	0.4649225398857690	0.5894062049140588	0.0041780251033753	0.002036
29.100000	0.4127539839514701	0.6090152903036830	-0.0086823421880666	-0.003606
29.200000	0.2310524964741770	0.4031045183657144	-0.0179508584792511	-0.008701
29.300000	0.0128106923176072	-0.0266141568903791	-0.0215057778591850	-0.010684
29.400000	-0.2416877780000387	-0.3797642633592135	-0.0183991511093834	-0.008353
29.500000	-0.4358316408129713	-0.5545849409545121	-0.0083780974551706	-0.003785
29.600000	-0.4477784911690375	-0.6175389634113231	0.0046040488616939	0.001723
29.700000	-0.2963181764647733	-0.5008127537949484	0.0154203976832471	0.007176
29.800000	-0.0882970571136474	-0.1217852523921471	0.0208939237711007	0.010500
29.900000	0.1562820210630517	0.2835593599388895	0.0201658691851452	0.009432
30.000000	0.3858533046152663	0.5097648454702650	0.0122050989322296	0.005415
30.100000	0.4637480388355227	0.6071942120356930	-0.0003196181147787	0.000138
30.200000	0.3560377032184404	0.5649722192221041	-0.0123047604209540	-0.005455
30.300000	0.1587601795331411	0.2660486386968138	-0.0196477701142390	-0.009789
30.400000	-0.0712378765865425	-0.1661058516641183	-0.0210931746686067	-0.010189
30.500000	-0.3193454319785350	-0.4518319266139404	-0.0154816110038372	-0.006899
30.600000	-0.4582566296307446	-0.5834360892577019	-0.0039801702193960	-0.001946
30.700000	-0.4055777532988015	-0.5992238446720656	0.0086884941548292	0.003634
30.800000	-0.2259972575162594	-0.3919105907472179	0.0177908390278997	0.008631
30.900000	-0.0092754863964323	0.0307743886011690	0.0212302366998709	0.010527
31.000000	0.2416108174598733	0.3773604535599690	0.0180532789510555	0.008202
31.100000	0.4306341179522133	0.5497120722993364	0.0081041709614061	0.003670
31.200000	0.4402926233784337	0.6092180240490011	-0.0047022742159122	-0.001786
31.300000	0.2901884568226338	0.4889026483520688	-0.0153285714915387	-0.007153
31.400000	0.0838332026508245	0.1138526009008281	-0.0206648023612231	-0.010367
31.500000	-0.1583082896803464	-0.2834472580015114	-0.0198267364002771	-0.009269
31.600000	-0.3826937994688309	-0.5059356707300452	-0.0118728363819403	-0.005278
31.700000	-0.4566223822763266	-0.6004960121632545	0.0005086165743941	-0.000044
31.800000	-0.3489355693917170	-0.5537172931487281	0.0122941870999009	0.005476
31.900000	-0.1534953413530245	-0.2550048115202791	0.0194722222016876	0.009696
32.000000	0.0749446615580286	0.1691025045389501	0.0207845908001380	0.010024
32.100000	0.3184895930832490	0.4493250216408879	0.0151146735001083	0.006745
32.200000	0.4522210348276863	0.5782170084295880	0.0037092250063670	0.001826
32.300000	0.3979042345171826	0.5893985372275349	-0.0087679470916198	-0.003695
32.400000	0.2198638473946240	0.3791126303058183	-0.0176787969612663	-0.008587
32.500000	0.0044021633001210	-0.0374301065455717	-0.0209690818028615	-0.010374
32.600000	-0.2430570212400434	-0.3766881525520832	-0.0176798807267672	-0.008034
32.700000	-0.4263799326310379	-0.5457357041789050	-0.0077662490017969	-0.003527
32.800000	-0.4326441676036126	-0.6011687078844632	0.0048742968415712	0.001881
32.900000	-0.2831264149403506	-0.4759730632135580	0.0152924312319675	0.007160
33.000000	-0.0781660203771900	-0.1035945620968863	0.0204601534136815	0.010246
33.100000	0.1617997391697989	0.2853193348078276	0.0194743876943128	0.009095
33.200000	0.3806990391098450	0.5031868599353896	0.0114877550064848	0.005118
33.300000	0.4496781362744017	0.5942776986002601	-0.0007688551170152	-0.000080
33.400000	0.3411048339444056	0.5419369268434849	-0.0123450704962009	-0.005528
33.500000	0.1471366758290317	0.2419894918885510	-0.0193301689489225	-0.009622
33.600000	-0.0800065457898366	-0.1742534972949593	-0.0204755103399926	-0.009854
33.700000	-0.3189263673154278	-0.4481148045243503	-0.0147074688781041	-0.006570
33.800000	-0.4466904577628916	-0.5736322075670153	-0.0033723045625228	-0.001678
33.900000	-0.3897558157517523	-0.5794334044679390	0.0089122410101602	0.003787
34.000000	-0.2127438222441499	-0.3648073309982818	0.0176083655726639	0.008568
34.100000	0.0017017851677043	0.0462745559831941	0.0207183149076591	0.010225
34.200000	0.2458374809075080	0.3775420998273844	0.0172791389416269	0.007851
34.300000	0.4229028743939435	0.5425423101293234	0.0073698666113071	0.003359
34.400000	0.4248045239767563	0.5932670575579364	-0.0051119631764859	-0.002005
34.500000	0.2752109443612550	0.4620148047073732	-0.0153048000371390	-0.007192
34.600000	0.0713829655368678	0.0912724199078609	-0.0202752829082113	-0.010135
34.700000	-0.1665964140744750	-0.2889257797545814	-0.0191070890947964	-0.008910
34.800000	-0.3796830488338817	-0.5013889122692111	-0.0110535299692178	-0.004935
34.900000	-0.4428352772805765	-0.5884159509684789	0.0010929853011533	0.000231
35.000000	-0.3325948793314806	-0.5295543959821697	0.0124497301745713	0.005608
35.100000	-0.1397647963935707	-0.2271766512811842	0.0192162332546992	0.009565
35.200000	0.0862994914776065	0.1812805441191266	0.0201627614594979	0.009680
35.300000	0.3204693033129350	0.4480420506160988	0.0142616114555286	0.006377
35.400000	0.4415382151224087	0.5695675606770370	0.0029755398045675	0.001504
35.500000	0.3811398436525485	0.5692178423947223	-0.0091136248753919	-0.003905
35.600000	0.2047136095790755	0.3490623534628474	-0.0175734094865163	-0.008568
35.700000	-0.0089434955658234	-0.0570337574381011	-0.0204738289994609	-0.010077
35.800000	-0.2497808698650055	-0.3797259197322795	-0.0168506530915288	-0.007653
35.900000	-0.4200423295575389	-0.5400196495077823	-0.0069196518994392	-0.003168
36.000000	-0.4167345912561007	-0.5853894986326204	0.0054079034244305	0.002156
36.100000	-0.2665055389058180	-0.4470018229092097	0.0153588814447049	0.007247
36.200000	-0.0635588835793397	-0.0771140861588500	0.0201054862303191	0.010031
36.300000	0.1725547417880448	0.2940329648872543	0.0187227449130120	0.008715
36.400000	0.3794699951589759	0.5004148475920586	0.0105730598626588	0.004731
36.500000	0.4360087665709258	0.5827893495240206	-0.0014744548747663	-0.000408
36.600000	0.3234415155018638	0.5164842051043043	-0.0126009896604130	-0.005711
36.700000	0.1314479152104350	0.2107123984910748	-0.0191251386095902	-0.009519
36.800000	-0.0937130430982484	-0.1899281379888685	-0.0198429876705258	-0.009499
36.900000	-0.3229446078246622	-0.4489528933973531	-0.0137781218077963	-0.006165
37.000000	-0.4366385226078164	-0.5659101499304751	-0.0025243055854710	-0.001306
37.100000	-0.3720533944665509	-0.5586376329123198	0.0093649340785539	0.004048
37.200000	-0.1958368922247040	-0.3319267390983485	0.0175680228082429	0.008584
37.300000	0.0172411885113171	0.0694598479654197	0.0202314460044442	0.009928
37.400000	0.2547291276484110	0.3830531378436704	0.0163936221748950	0.007440
37.500000	0.4176434715536457	0.5380566594087386	0.0064195529182483	0.002954
37.600000	0.4083888922870977	0.5774121466558134	-0.0057553742892884	-0.002331
37.700000	0.2570615635185213	0.4308978155114525	-0.0154482260281491	-0.007321
37.800000	0.0547583079250653	0.0613232145357524	-0.0199460652168132	-0.009932
37.900000	-0.1795430084713009	-0.3004228851606072	-0.0183190207168464	-0.008509
38.000000	-0.3798926078716515	-0.5001410080061722	-0.0100486816925665	-0.004507
38.100000	-0.4291116304846651	-0.5772769747099383	0.0019073284743014	0.000608
38.200000	-0.3136708285639035	-0.5026351937110677	0.0127921062556135	0.005834
38.300000	-0.1222436252720350	-0.1927246951616076	0.0190517164395119	0.009481
38.400000	0.1021463717711299	0.1999605896507909	0.0195127171937225	0.009312
38.500000	0.3261883492987566	0.4506998153984884	0.0132576141088008	0.005937
38.600000	0.4318681447793686	0.5625472062038309	0.0020234080973868	0.001086
38.700000	0.3624870644848570	0.5475757498339628	-0.0096594861709544	-0.004212
38.800000	0.1861666286736653	0.3134391196817372	-0.0175865208336749	-0.008612
38.900000	-0.0265212196024753	-0.0833256269610527	-0.0199869482638096	-0.009776
39.000000	-0.2605339613510029	-0.3873476782419648	-0.0159069905357208	-0.007212
39.100000	-0.4155573246792140	-0.5365432580143943	-0.0058730229774058	-0.002720
39.200000	-0.3997188353087228	-0.5692102710004505	0.0061481277807543	0.002527
39.300000	-0.2469208641349126	-0.4136616628399786	0.0155666989221509	0.007411
39.400000	-0.0450375041228033	-0.0440864064870873	0.0197923399103349	0.009833
39.500000	0.1874377351772280	0.3078924093430968	0.0178934430992951	0.008292
39.600000	0.3807908794149219	0.5004475096360419	0.0094823441893976	0.004265
39.700000	0.4220573429288481	0.5717573713492100	-0.0023861398570856	-0.000829
39.800000	0.3033021956119355	0.4879132741502460	-0.0130167104447075	-0.005976
39.900000	0.1122004993569549	0.1733310027324239	-0.0189909060545367	-0.009449
40.000000	-0.1115050485161229	-0.2111595103143924	-0.0191684207726192	-0.009117
40.100000	-0.3300441705641714	-0.4531422543452343	-0.0127004465115700	-0.005692
40.200000	-0.4271076453740709	-0.5593652588817158	-0.0014772391451106	-0.000846
40.300000	-0.3524279791209651	-0.5359131179235463	0.0099909935408049	0.004396
40.400000	-0.1757467375020546	-0.2936343181250704	0.0176234275480591	0.008650
40.500000	0.0367155350485992	0.0984202393218576	0.0197361064263136	0.009620
40.600000	0.2670540262631262	0.3924440077993969	0.0153895669787734	0.006971
40.700000	0.4136408247392049	0.5353700039484425	0.0052831727430768	0.002467
40.800000	0.3906753195564184	0.5606579336404111	-0.0065803026527115	-0.002743
40.900000	0.2361177972480986	0.3952521100534200	-0.0157084496209495	-0.007513
41.000000	0.0344463643671180	0.0255787769766597	-0.0196396569328213	-0.009733
41.100000	-0.1961207648371992	-0.3162524841781726	-0.0174434836432989	-0.008063
41.200000	-0.3820110725686687	-0.5012183558344016	-0.0088757485646766	-0.004005
41.300000	-0.4147617120431627	-0.5661077955403692	0.0029057705747312	0.001069
41.400000	-0.2923505936611191	-0.4722240489982312	0.0132687548361129	0.006132
41.500000	-0.1013595584539101	-0.1526442576946721	0.0189377491614207	0.009419
41.600000	0.1216983671321800	0.2233217871696849	0.0188065623418078	0.008913
41.700000	0.3343614693762182	0.4561468928274915	0.0121068432139089	0.005431
41.800000	0.4222423915212822	0.5562494153080911	0.0008899031112330	0.000587
41.900000	0.3418621634886427	0.5235294570969328	-0.0103534916154894	-0.004596
42.000000	0.1646134934045637	0.2725487276282740	-0.0176734602605560	-0.008693
42.100000	-0.0477594144191222	-0.1145458925850314	-0.0194747057822338	-0.009457
42.200000	-0.2741526753814277	-0.3981870433182454	-0.0148401239619992	-0.006715
42.300000	-0.4117569445471206	-0.5344276017987998	-0.0046528955628706	-0.002196
42.400000	-0.3812108354744829	-0.5516278144327230	0.0070463355308663	0.002976
42.500000	-0.2246807630726604	-0.3756319478012963	0.0158678845671971	0.007623
42.600000	-0.0230302227521568	-0.0059681071762484	0.0194833964572278	0.009629
42.700000	0.2054769239291123	0.3253273626505116	0.0169666321376977	0.007822
42.800000	0.3834050471995971	0.5023412266918513	0.0082304636654839	0.003728
42.900000	0.4071444133925650	0.5602036917942858	-0.0034613510263488	-0.001328
43.000000	0.2808283038284333	0.4554754762796269	-0.0135424720917314	-0.006300
43.100000	0.0897556642517614	0.1307774545329695	-0.0188873807163846	-0.009387
43.200000	-0.1326371009327992	-0.2362580401428248	-0.0184236456126541	-0.008699
43.300000	-0.3389940118424093	-0.4595876764101726	-0.0114769944513565	-0.005154
43.400000	-0.4171634096187384	-0.5530827380992592	-0.0002653210834502	-0.000310
43.500000	-0.3307763738322018	-0.5103043220451802	0.0107412811514672	0.004810
43.600000	-0.1527966956191181	-0.2502247094169253	0.0177315121168630	0.008738
43.700000	0.0595894320864744	0.1315154895220582	0.0191985726001329	0.009286
43.800000	0.2816961920700466	0.4044318985891219	0.0142574814655745	0.006446
43.900000	0.4097749160407051	0.5336062730443758	0.0039849709482199	0.001908
44.000000	0.3712811639586368	0.5419912393100926	-0.0075408892641494	-0.003225
44.100000	0.2126333266201816	0.3547718262710974	-0.0160396424480943	-0.007740
44.200000	0.0108316357765877	-0.0145822219768409	-0.0193189796884211	-0.009519
44.300000	-0.2153921606831782	-0.3349538810558528	-0.0164604623930014	-0.007568
44.400000	-0.3848299016661956	-0.5037069651127938	-0.0075480208442580	-0.003434
44.500000	-0.3991302684580353	-0.5539183690676237	0.0040481806250588	0.001603
44.600000	-0.2687460943062748	-0.4375806857855877	0.0138323409582127	0.006478
44.700000	-0.0774188906715131	-0.1078470289228683	0.0188350178785278	0.009352
44.800000	0.1442316217523702	0.2497915075704062	0.0180162587495031	0.008474
44.900000	0.3437989520400354	0.4633455816466338	0.0108111389742274	0.004862
45.000000	0.4117681529851584	0.5497457191648820	-0.0003926844223780	0.000017
45.100000	0.3191594560787515	0.4961184357277665	-0.0111488831701455	-0.005036
45.200000	0.1403206780449490	0.2267141463350875	-0.0177926328839748	-0.008783
45.300000	-0.0721416025950978	-0.1491510535379698	-0.0189036016460196	-0.009105
45.400000	-0.2895524415881715	-0.4110435187220106	-0.0136405785939166	-0.006162
45.500000	-0.4075705573061749	-0.5327950305803983	-0.0032821499345148	-0.001603
45.600000	-0.3608467424082155	-0.5316184394616752	0.0080587964641076	0.003488
45.700000	-0.1999950110367089	-0.3326537531471093	0.0162185717043815	0.007860
45.800000	0.0021078501404700	0.0359113444204695	0.0191418785750344	0.009400
45.900000	0.2257520882012514	0.3449807829189966	0.0159226927084413	0.007302
46.000000	0.3861479111318493	0.5052087896849864	0.0068299926047546	0.003125
46.100000	0.3906503345339204	0.5471228597864396	-0.0046616644235246	-0.001892
46.200000	0.2561139566399988	0.4184609900381489	-0.0141330592676894	-0.006661
46.300000	0.0643759261771420	0.0839751738024278	-0.0187759489316887	-0.009309
46.400000	-0.1563903397057768	-0.2637572813014788	-0.0175811186777013	-0.008237
46.500000	-0.3486362387397588	-0.4673081351123680	-0.0101096324029506	-0.004555
46.600000	-0.4059612162415133	-0.5461158672284637	0.0010803214958152	0.000291
46.700000	-0.3070032740823180	-0.4808554051429945	0.0115710050738682	0.005271
46.800000	-0.1272052353121035	-0.2020812189684146	0.0178520083000729	0.008823
46.900000	0.0853496983805328	0.1672828247499226	0.0185857857448173	0.008913
47.000000	0.2975898959369538	0.4178962250218168	0.0129885349143930	0.005864
47.100000	0.4050266981031399	0.5318809072390792	0.0025472250710361	0.001283
47.200000	0.3498737358732079	0.5203790854770720	-0.0085950165536365	-0.003762
47.300000	0.1867818481231471	0.3092742644889275	-0.0163997094950229	-0.007979
47.400000	-0.0157459434949116	-0.0578599150975128	-0.0189476291730795	-0.009270
47.500000	-0.2364408792662850	-0.3552680754373487	-0.0153512420260496	-0.007022
47.600000	-0.3872267326116733	-0.5067412792483628	-0.0060780580871380	-0.002801
47.700000	-0.3816428464557705	-0.5396859591911178	0.0052972640281571	0.002194
47.800000	-0.2429414678597948	-0.3980490756742932	0.0144395225943711	0.006849
47.900000	-0.0506515501933070	-0.0592911847711496	0.0187055241896055	0.009257
48.000000	0.1690184413622371	0.2780017955236171	0.0171151160526724	0.007987
48.100000	0.3533683945283881	0.4713686711047323	0.0093730040684210	0.004233
48.200000	0.3996550149137847	0.5420674335392699	-0.0017937755508950	-0.000613
48.300000	0.2943032358027773	0.4644038916929950	-0.0120025164184421	-0.005513
48.400000	0.1134665406855959	0.1764044246851865	-0.0179049384310580	-0.008856
48.500000	-0.0991437442662244	-0.1857489052741221	-0.0182412479911892	-0.008708
48.600000	-0.3056770031041338	-0.4248731720205298	-0.0123007028568477	-0.005552
48.700000	-0.4020336888289054	-0.5307481961459682	-0.0017830870291033	-0.000949
48.800000	-0.3383348279255131	-0.5081431583604943	0.0091446049049641	0.004046
48.900000	-0.1730067722167208	-0.2846472139197600	0.0165782612304808	0.008095
49.000000	0.0300378831086575	0.0802698599943166	0.0187318496913677	0.009127
49.100000	0.2473404730130744	0.3656864010243516	0.0147442820229809	0.006728
49.200000	0.3879398358074613	0.5081991910430356	0.0052940576269552	0.002462
49.300000	0.3720540290011924	0.5314744567316936	-0.0059504610366984	-0.002508
49.400000	0.2292378539696490	0.3762923061181897	-0.0147468071235853	-0.007037
49.500000	0.0362702122027056	0.0339319164552260	-0.0186191509758037	-0.009193
49.600000	-0.1820169143357558	-0.2923824682854958	-0.0166153614221005	-0.007723
49.700000	-0.3578606515045958	-0.4754253133223742	-0.0086020044097271	-0.003897
49.800000	-0.3927704381604888	-0.5374713004432113	0.0025291690584693	0.000947
49.900000	-0.2810584412070403	-0.4466602793798911	0.0124384327328942	0.005760
50.000000	-0.0991181295604554	-0.1497778326568375	0.0179468158636232	0.008880
50.100000	0.1134487041753470	0.2043953300215474	0.0178662770339000	0.008489
50.200000	0.3136818864576365	0.4318656970414269	0.0115767121033993	0.005226
50.300000	0.3984899732119888	0.5292777646724798	0.0009927692324150	0.000602
50.400000	0.3262097275597455	0.4947822363536037	-0.0097026927819163	-0.004338
50.500000	0.1586799452284254	0.2588060969063082	-0.0167495797995005	-0.008205
50.600000	-0.0449347773065418	-0.1029847304785736	-0.0184902638133241	-0.008970
50.700000	-0.2583300646792485	-0.3761164075792409	-0.0141002848388306	-0.006421
50.800000	-0.3881671113540371	-0.5094761895898395	-0.0044800379121794	-0.002109
50.900000	-0.3618387796400978	-0.5223535891515673	0.0066167315940210	0.002832
51.000000	-0.2150118357160795	-0.3531560181381245	0.0150501552119736	0.007224
51.100000	-0.0212577207138657	-0.0080414350692251	0.0185122946679887	0.009114
51.200000	0.1952818495912610	0.3067674009416552	0.0160792325642393	0.007445
51.300000	0.3619814197051903	0.4793796781508459	0.0077976446109447	0.003547
51.400000	0.3852374752362415	0.5321950525451702	-0.0032825328762460	-0.001293
51.500000	0.2672714812858734	0.4275318375983440	-0.0128739056803863	-0.006009
51.600000	0.0841720154696414	0.1223115563066874	-0.0179731051427036	-0.008890
51.700000	-0.1281833827016375	-0.2230764333689378	-0.0174573657270849	-0.008255
51.800000	-0.3214723720585300	-0.4387725221735304	-0.0108165067167473	-0.004886
51.900000	-0.3943027029178524	-0.5273465044392471	-0.0001794814913914	-0.000242
52.000000	-0.3134853758665955	-0.4801712879022121	0.0102644767998021	0.004635
52.100000	-0.1438091018103911	-0.2318058115060004	0.0169091438023206	0.008305
52.200000	0.0603820496958228	0.1258505312297698	0.0182187294741435	0.008797
52.300000	0.2692858603213106	0.3864481012966902	0.0134180658263774	0.006099
52.400000	0.3877956055049966	0.5104635732350744	0.0036382886541647	0.001744
52.500000	0.3509612040310556	0.5121877670038435	-0.0072915309805763	-0.003164
52.600000	0.2002713433252799	0.3286266578274699	-0.0153449621012263	-0.007404
52.700000	0.0056430227556478	-0.0182300306643947	-0.0183804874491062	-0.009019
52.800000	-0.2087040113149643	-0.3210350579964676	-0.0155044223738208	-0.007153
52.900000	-0.3656030499884478	-0.4831353246089975	-0.0069612298121953	-0.003183
53.000000	-0.3769958096665915	-0.5261032451023751	0.0040497879226117	0.001650
53.100000	-0.2529479321456357	-0.4069403119276383	0.0133042177665761	0.006257
53.200000	-0.0686399925768926	-0.0941314274639768	0.0179793255107977	0.008885
53.300000	0.1432595676339315	0.2416553748158179	0.0170112533105455	0.008006
53.400000	0.3289163491298933	0.4454987523656119	0.0100203757250309	0.004532
53.500000	0.3893883718698000	0.5248269763700123	-0.0006533666471365	-0.000129
53.600000	0.3001558309326337	0.4641910596499335	-0.0108252164879314	-0.004935
53.700000	0.1284000030348958	0.2037237535021721	-0.0170525345190579	-0.008393
53.800000	-0.0763180385101328	-0.1487168996954766	-0.0179132729452880	-0.008607
53.900000	-0.2800810897250018	-0.3965801608005107	-0.0126968206543481	-0.005763
54.000000	-0.3867203327575799	-0.5110490878230934	-0.0027713711939932	-0.001366
54.100000	-0.3393949716471490	-0.5008416513937369	0.0079702873940262	0.003503
54.200000	-0.1850231917144512	-0.3027145791109210	0.0156267623106358	0.007577
54.300000	0.0105399733182585	0.0447277158756939	0.0182193458184016	0.008906
54.400000	0.2221686610774903	0.3350738747169561	0.0148889860541765	0.006846
54.500000	0.3686028353938802	0.4865960139017798	0.0060943868496593	0.002806
54.600000	0.3679953666757017	0.5190578850097923	-0.0048267360691589	-0.002014
54.700000	0.2380956085932172	0.3848258031189748	-0.0137247797416450	-0.006501
54.800000	0.0525351578798651	0.0653778742145272	-0.0179610395382190	-0.008863
54.900000	-0.1585814382934658	-0.2600046839365844	-0.0165249710632708	-0.007740
55.000000	-0.3358824688209149	-0.4519546084700077	-0.0091889779400433	-0.004164
55.100000	-0.3836734490749785	-0.5215873005832843	0.0015021522497834	0.000511
55.200000	-0.2862218138195596	-0.4467311248554892	0.0113802383247302	0.005236
55.300000	-0.1124570827719663	-0.1746601513562392	0.0171754120318280	0.008465
55.400000	0.0926727963679019	0.1714385193619116	0.0175701278893305	0.008399
55.500000	0.2905862827598499	0.4064191784763035	0.0119361562488344	0.005413
55.600000	0.3848451240167313	0.5111159132307955	0.0018821391072839	0.000976
55.700000	0.3271234471339458	0.4881816824076777	-0.0086484041961371	-0.003845
55.800000	0.1692728110863398	0.2754563211394613	-0.0158912144058302	-0.007739
55.900000	-0.0272506024918776	-0.0712943811629199	-0.0180245971736974	-0.008774
56.000000	-0.2355556216394375	-0.3487817661183217	-0.0142313858846594	-0.006523
56.100000	-0.3708641794845202	-0.4896638800596522	-0.0051990870284992	-0.002416
56.200000	-0.3581967877200285	-0.5109191514141503	0.0056090592844285	0.002386
56.300000	-0.2227236632181403	-0.3611507242362744	0.0141311288275385	0.006739
56.400000	-0.0358736565371022	-0.0362040378336315	0.0179138504231541	0.008820
56.500000	0.1740452576173935	0.2780066940171152	0.0159958909765836	0.007458
56.600000	0.3422411756139602	0.4580538489927591	0.0083233618600668	0.003783
56.700000	0.3770949905197395	0.5174913255805298	-0.0023630344568920	-0.000901
56.800000	0.2716899149554556	0.4276936036952185	-0.0119249443766583	-0.005535
56.900000	0.0959843610161875	0.1447375641191721	-0.0172734918775486	-0.008519
57.000000	-0.1093671349090706	-0.1938766451747058	-0.0171857789995853	-0.008173
57.100000	-0.3006698258450545	-0.4158787746242888	-0.0111361153728509	-0.005048
57.200000	-0.3820834751722875	-0.5105419010056640	-0.0009737506634276	-0.000576
57.300000	-0.3141395459452234	-0.4740781791067691	0.0093212698148345	0.004190
57.400000	-0.1530241295573309	-0.2469161888126732	0.0161340831741102	0.007886
57.500000	0.0444397597246355	0.0977726619964393	0.0177921150312402	0.008620
57.600000	0.2487395688580074	0.3620655306375520	0.0135305316101639	0.006185
57.700000	0.3722778527183469	0.4922376405906992	0.0042776639343011	0.002015
57.800000	0.3475717914051791	0.5015464073722724	-0.0063923262768718	-0.002763
57.900000	0.2068416346801586	0.3359035733330575	-0.0145189259544917	-0.006968
58.000000	0.0186766155170144	0.0067732114153311	-0.0178334104136337	-0.008755
58.100000	-0.1895393537391711	-0.2955537600015078	-0.0154217763714419	-0.007158
58.200000	-0.3478660430850348	-0.4637118747435169	-0.0074249815080766	-0.003388
58.300000	-0.3696012116132665	-0.5123990932617530	0.0032319583667047	0.001300
58.400000	-0.2565714894077867	-0.4069974800433825	0.0124548234765092	0.005829
58.500000	-0.0789866805156839	-0.1140994932838961	0.0173425247198984	0.008552
58.600000	0.1263119551984581	0.2159006073520132	0.0167570098645450	0.007927
58.700000	0.3101988231125836	0.4248785079097472	0.0102971950327221	0.004670
58.800000	0.3783593673215145	0.5091991315694123	0.0000496729413825	0.000165
58.900000	0.3004452628428284	0.4584081338320444	-0.0099842741979876	-0.004535
59.000000	0.1362797036386044	0.2171869810172113	-0.0163512188100897	-0.008015
59.100000	-0.0620484142928242	-0.1240075660996448	-0.0175179618681380	-0.008446
59.200000	-0.2615905488494947	-0.3748401478498218	-0.0127858146404627	-0.005832
59.300000	-0.3727432617950058	-0.4942109843323980	-0.0033328258198713	-0.001602
59.400000	-0.3361033648984891	-0.4907995879987663	0.0071720061201865	0.003145
59.500000	-0.1904585594837109	-0.3091022351276554	0.0148839503396481	0.007184
59.600000	-0.0009721886138372	0.0227442639785160	0.0177154419281729	0.008667
59.700000	0.2049443824388579	0.3125481986133147	0.0148008326077544	0.006842
59.800000	0.3526353545485423	0.4688435737101546	0.0064957088872621	0.002981
59.900000	0.3611519988485329	0.5061676042057992	-0.0041046665386309	-0.001704
60.000000	0.2408813080983022	0.3845833284946113	-0.0129654627730818	-0.006117
60.100000	0.0614712950706773	0.0829080988835052	-0.0173782825309013	-0.008561
60.200000	-0.1434078990011312	-0.2373891469678971	-0.0162809546586664	-0.007662
60.300000	-0.3190402866110517	-0.4333424928105067	-0.0094203592884676	-0.004277
60.400000	-0.3736080346473897	-0.5069538460896194	0.0008863225039401	0.000253
60.500000	-0.2860508325923813	-0.4410587979869062	0.0106328302631845	0.004878
60.600000	-0.1190411868768004	-0.1863897419898808	0.0165385336167066	0.008124
60.700000	0.0800063980860720	0.1498489920269072	0.0171984382778420	0.008248
60.800000	0.2739747308356166	0.3870279578802136	0.0119971347446338	0.005463
60.900000	0.3721696707922873	0.4954712626386534	0.0023676617647480	0.001178
61.000000	0.3237857176040430	0.4785410868126670	-0.0079434884861436	-0.003527
61.100000	0.1735822646088586	0.2807965330417815	-0.0152220900241481	-0.007384
61.200000	-0.0172024013793952	-0.0521744649467032	-0.0175557716885136	-0.008555
61.300000	-0.2201338506280899	-0.3289019373313699	-0.0141317553105568	-0.006508
61.400000	-0.3564338381171276	-0.4733610346904443	-0.0055378433447582	-0.002562
61.500000	-0.3517193300229089	-0.4986518919286055	0.0049767172693356	0.002114
61.600000	-0.2246360724790924	-0.3604181526795983	0.0134525574954905	0.006394
61.700000	-0.0434497982256460	-0.0513410634763788	0.0173765552906383	0.008546
61.800000	0.1605453453526617	0.2582314365382024	0.0157551529833627	0.007377
61.900000	0.3270626659696459	0.4411976465722536	0.0085070473568508	0.003871
62.000000	0.3677766595735408	0.5036667885540698	-0.0018301723079936	-0.000679
62.100000	0.2709735078258192	0.4219320887244971	-0.0112623982938611	-0.005216
62.200000	0.1013102136567821	0.1546724512298061	-0.0166919779912540	-0.008210
62.300000	-0.0982315292559868	-0.1751541483335348	-0.0168301371475345	-0.008028
62.400000	-0.2857554208673514	-0.3985576819699913	-0.0111649186650585	-0.005079
62.500000	-0.3704773311635389	-0.4958985869502550	-0.0013856406711494	-0.000745
62.600000	-0.3106239228614377	-0.4646382898396418	0.0087021100161763	0.003909
62.700000	-0.1562189557103153	-0.2510697879427090	0.0155293274610590	0.007565
62.800000	0.0357989592699976	0.0813435111967849	0.0173503768432269	0.008416
62.900000	0.2349748784679124	0.3445358991874381	0.0134137731576923	0.006157
63.000000	0.3591544465147347	0.4771713146801504	0.0045541175563260	0.002131
63.100000	0.3412875560863738	0.4897064419414670	-0.0058435089042039	-0.002527
63.200000	0.2078529327039729	0.3344999506144651	-0.0139119169105926	-0.006657
63.300000	0.0249403303171969	0.0195877155360717	-0.0173331618995726	-0.008503
63.400000	-0.1776047594505020	-0.2783276645539470	-0.0151776065404300	-0.007072
63.500000	-0.3341376968259471	-0.4483715374725223	-0.0075591780388401	-0.003451
63.600000	-0.3608249769708843	-0.4991939687347253	0.0027775418622259	0.001112
63.700000	-0.2552359818864254	-0.4009497290941986	0.0118685108385158	0.005545
63.800000	-0.0830897507514607	-0.1222076163293457	0.0168075189783062	0.008270
63.900000	0.1166291176758473	0.1997897443967376	0.0164100017930844	0.007785
64.000000	0.2967943727958881	0.4093632077326174	0.0102901308816562	0.004680
64.100000	0.3675984938048956	0.4953654095510199	0.0003906022558136	0.000304
64.200000	0.2966331773019059	0.4489669126752616	-0.0094431859469923	-0.004289
64.300000	0.1383732086547012	0.2200391931053456	-0.0158017200049439	-0.007724
64.400000	-0.0547566879528926	-0.1100811575074483	-0.0170954410130833	-0.008251
64.500000	-0.2493291865029479	-0.3593791673903926	-0.0126466824691556	-0.005789
64.600000	-0.3607000732753895	-0.4801744667334898	-0.0035476992199902	-0.001690
64.700000	-0.3298534778799481	-0.4791870383253764	0.0067003096829380	0.002942
64.800000	-0.1905481662904199	-0.3068615892369679	0.0143394647272791	0.006904
64.900000	-0.0059699453879206	0.0121554010628771	0.0172439777282047	0.008432
65.000000	0.1944573790694270	0.2975891178748833	0.0145468353596648	0.006747
65.100000	0.3401425018753733	0.4547898935511115	0.0065791513713545	0.003019
65.200000	0.3527257673085896	0.4933878357380638	-0.0037238530188116	-0.001549
65.300000	0.2388645413120892	0.3780588781979024	-0.0124467954854244	-0.005864
65.400000	0.0643859309825203	0.0891887922467591	-0.0168811260830068	-0.008301
65.500000	-0.1350918850946155	-0.2236338065589523	-0.0159353871909459	-0.007518
65.600000	-0.3069534334078963	-0.4193820364151020	-0.0093742774637659	-0.004266
65.700000	-0.3634782867273287	-0.4937366387495059	0.0006132605024748	0.000145
65.800000	-0.2818376255767295	-0.4314152618369175	0.0101620454137133	0.004663
65.900000	-0.1200484599513478	-0.1878548781520436	0.0160353763053868	0.007858
66.000000	0.0740009460366525	0.1382241875530602	0.0167874176877825	0.008060
66.100000	0.2630543125916851	0.3733679595126911	0.0118308716478471	0.005404
66.200000	0.3609851187385017	0.4822620166480600	0.0025221870739498	0.001238
66.300000	0.3174261340857230	0.4669531740872730	-0.0075422928222703	-0.003356
66.400000	0.1727361740522398	0.2775735964571507	-0.0147312326533291	-0.007131
66.500000	-0.0134230304678233	-0.0436892606637542	-0.0171049792408707	-0.008332
66.600000	-0.2109662048129665	-0.3159377676443892	-0.0138619303122530	-0.006403
66.700000	-0.3449618307016680	-0.4603739368487600	-0.0055698479237542	-0.002575
66.800000	-0.3434652087100293	-0.4860988505243145	0.0046643179691990	0.001989
66.900000	-0.2218870925864029	-0.3532378454048008	0.0129929929505553	0.006169
67.000000	-0.0452103300896530	-0.0558261226955893	0.0169087697954688	0.008303
67.100000	0.1535003173817907	0.2465769662405667	0.0154041233325497	0.007229
67.200000	0.3160965406339876	0.4285532964673285	0.0084194044307712	0.003838
67.300000	0.3580754465924311	0.4908703125179962	-0.0016214275443095	-0.000600
67.400000	0.2662687355340587	0.4118894502146117	-0.0108540680747784	-0.005029
67.500000	0.1012480703653950	0.1546976035237599	-0.0162264312050337	-0.007964
67.600000	-0.0934424727000195	-0.1656194714565671	-0.0164230985025857	-0.007841
67.700000	-0.2760050854660897	-0.3864443981247053	-0.0109673347488358	-0.005003
67.800000	-0.3599368520042170	-0.4833160306750861	-0.0014815996976755	-0.000778
67.900000	-0.3040262095003754	-0.4528712023336404	0.0083645764695406	0.003766
68.000000	-0.1544289368770544	-0.2467455542932318	0.0150833465043047	0.007335
68.100000	0.0331868450082177	0.0748171120570529	0.0169123039809917	0.008201
68.200000	0.2269872537990181	0.3333054275729183	0.0131225980845075	0.006039
68.300000	0.3484902930316803	0.4650377962285702	0.0045346253788103	0.002120
68.400000	0.3330430381451225	0.4771774768653038	-0.0055939783646614	-0.002430
68.500000	0.2043312550064691	0.3265013613454171	-0.0135029682157910	-0.006457
68.600000	0.0255825815051198	0.0223410853656051	-0.0168864378290993	-0.008273
68.700000	-0.1717234445924655	-0.2685230930099199	-0.0148145790778424	-0.006916
68.800000	-0.3240920521049418	-0.4368152881118609	-0.0074280922046726	-0.003397
68.900000	-0.3513628929183177	-0.4866188242170099	0.0026290860833166	0.001060
69.000000	-0.2499632684537119	-0.3903194383087717	0.0115147190902277	0.005384
69.100000	-0.0819770007472830	-0.1207751007507050	0.0163710236383245	0.008040
69.200000	0.1129771271809316	0.1921265547449656	0.0159996844293541	0.007596
69.300000	0.2880353985116820	0.3985550087836419	0.0100576747615937	0.004585
69.400000	0.3574965454231493	0.4832088626995585	0.0004303557705268	0.000311
69.500000	0.2896849810350731	0.4368184111045075	-0.0091622676431510	-0.004172
69.600000	0.1356360562513766	0.2145258795823443	-0.0153920053028751	-0.007512
69.700000	-0.0532545585611786	-0.1053489938670382	-0.0166623225421053	-0.008039
69.800000	-0.2423710472628984	-0.3496325816526726	-0.0123291950668843	-0.005657
69.900000	-0.3506344399250019	-0.4686862867228420	-0.0034773111671683	-0.001654
70.000000	-0.3214724465641338	-0.4664766717423873	0.0065077490054251	0.002871
70.100000	-0.1862227326330515	-0.2979048397840660	0.0139727129659612	0.006724
70.200000	-0.0055331525405617	0.0110392860941379	0.0168101722095712	0.008209
70.300000	0.1896200176110069	0.2893892146587427	0.0141657237455859	0.006582
70.400000	0.3308153201139591	0.4441026390502112	0.0064034474811616	0.002943
70.500000	0.3433281289607814	0.4808306691195508	-0.0036311721640837	-0.001523
70.600000	0.2329609659578354	0.3666655636133170	-0.0121395792405312	-0.005724
70.700000	0.0622440860969697	0.0863171547865274	-0.0164652837379239	-0.008083
70.800000	-0.1324861638415462	-0.2176196335660917	-0.0155148584307328	-0.007325
70.900000	-0.2990003280523882	-0.4096488349765982	-0.0091040982539597	-0.004153
71.000000	-0.3536203772408697	-0.4818036214439281	0.0006267550070541	0.000163
71.100000	-0.2744427478872637	-0.4186881519569772	0.0099305083508207	0.004569
71.200000	-0.1163654749767038	-0.1810998893485729	0.0156534553139277	0.007660
71.300000	0.0735428243464598	0.1351057967416186	0.0163517184235198	0.007847
71.400000	0.2569643286062965	0.3648669575778237	0.0114827478155435	0.005256
71.500000	0.3513145800002081	0.4712133130500673	0.0024021892760115	0.001179
71.600000	0.3087796112701037	0.4538550280232601	-0.0074004656878240	-0.003308
71.700000	0.1675841699999288	0.2675471219682109	-0.0143983383111114	-0.006967
71.800000	-0.0148939533108355	-0.0440883577523252	-0.0166761274400793	-0.008112
71.900000	-0.2070400268922193	-0.3091047615626885	-0.0134571824689455	-0.006225
72.000000	-0.3361513657418428	-0.4503432929802673	-0.0053490931175749	-0.002477
72.100000	-0.3339734390790881	-0.4733526806528984	0.0046224181451390	0.001987
72.200000	-0.2153021538345082	-0.3409250086308286	0.0127243671644256	0.006047
72.300000	-0.0420648225067225	-0.0515696166700448	0.0165053361091750	0.008091
72.400000	0.1518370403507836	0.2419887658733496	0.0149668581821143	0.007027
72.500000	0.3087586145820301	0.4196750673354460	0.0081094036388371	0.003706
72.600000	0.3482801046424119	0.4789553571431650	-0.0016846103951702	-0.000642
72.700000	0.2583467472045253	0.3983960200619144	-0.0106645210302241	-0.004954
72.800000	0.0966249384099446	0.1466861554007879	-0.0158639629695947	-0.007775
72.900000	-0.0939513025285614	-0.1639227117322639	-0.0159775719366399	-0.007625
73.000000	-0.2706120395412888	-0.3789618585922185	-0.0105849595462133	-0.004838
73.100000	-0.3504662681744725	-0.4725010784757232	-0.0013139791850284	-0.000697
73.200000	-0.2950027621945356	-0.4391807727804646	0.0082669367156760	0.003740
73.300000	-0.1484346660109636	-0.2355713281020161	0.0147760578137744	0.007182
73.400000	0.0356388277521867	0.0765856596527008	0.0164806469023214	0.007980
73.500000	0.2238265021808835	0.3276102557454337	0.0126892807429247	0.005848
73.600000	0.3399974660190284	0.4554556662291521	0.0042691555386446	0.002001
73.700000	0.3233158268660662	0.4640327675050985	-0.0055974048576047	-0.002450
73.800000	0.1970255201279321	0.3131375134871421	-0.0132649512695531	-0.006349
73.900000	0.0214644968786108	0.0167876376455746	-0.0164873252927625	-0.008062
74.000000	-0.1708847296312065	-0.2651402043973360	-0.0143545467633853	-0.006705
74.100000	-0.3171754682036729	-0.4285801670120404	-0.0070769653774928	-0.003245
74.200000	-0.3414635068165535	-0.4745129304606485	0.0027378027765083	0.001123
74.300000	-0.2414486385971767	-0.3758868667044378	0.0113596496869366	0.005325
74.400000	-0.0764242041551889	-0.1115312561667379	0.0160197928902234	0.007855
74.500000	0.1143627460968460	0.1916519275309864	0.0155374452160915	0.007372
74.600000	0.2831596035328712	0.3918741876122238	0.0096382039615190	0.004403
74.700000	0.3480414507550394	0.4724201919722414	0.0002178052694170	0.000207
74.800000	0.2801906956794752	0.4223368197447021	-0.0091019969062388	-0.004163
74.900000	0.1287900789853595	0.2021636094933642	-0.0151021622909309	-0.007366
75.000000	-0.0566238585494488	-0.1083221293946892	-0.0162203524330500	-0.007814
75.100000	-0.2398175494498624	-0.3448555965611964	-0.0118630741560910	-0.005451
75.200000	-0.3422654741526017	-0.4593463430031023	-0.0031682480154353	-0.001514
75.300000	-0.3113866073347371	-0.4527232428407658	0.0065506175128317	0.002910
75.400000	-0.1781663419420447	-0.2833896192908678	0.0137573497489544	0.006625
75.500000	-0.0004814053305643	0.0177714840886241	0.0164074666104536	0.007997
75.600000	0.1894734758635216	0.2869958273551086	0.0136774778888505	0.006357
75.700000	0.3241255800521752	0.4363046161148653	0.0060107158701670	0.002771
75.800000	0.3331745865760442	0.4683215034039341	-0.0037806936093815	-0.001606
75.900000	0.2238017405040885	0.3511421545695203	-0.0120113929132946	-0.005678
76.000000	0.0557779346777434	0.0759031382553624	-0.0161171989939162	-0.007898
76.100000	-0.1346437552647214	-0.2181644362629015	-0.0150294662375392	-0.007091
76.200000	-0.2944555620338747	-0.4035620469318743	-0.0086455090774988	-0.003952
76.300000	-0.3440092782589603	-0.4708306914715528	0.0008808441668186	0.000287
76.400000	-0.2644006961530836	-0.4032269831219810	0.0099005617399010	0.004575
76.500000	-0.1086642079797902	-0.1675497638559996	0.0153729898472797	0.007517
76.600000	0.0777526691422133	0.1391045875686678	0.0158922412606800	0.007614
76.700000	0.2548486178557051	0.3607980570441791	0.0109803610813390	0.005034
76.800000	0.3428837431358453	0.4619086232101039	0.0020514474163286	0.001019
76.900000	0.2982305435634092	0.4392849237855583	-0.0074765047192759	-0.003364
77.000000	0.1587554098071080	0.2518168446403488	-0.0141977182987800	-0.006874
77.100000	-0.0208301524611265	-0.0518553876040531	-0.0162621215569566	-0.007894
77.200000	-0.2074389123180850	-0.3074917610582328	-0.0129359509362241	-0.005987
77.300000	-0.3294961465897663	-0.4427796036234906	-0.0049151256346903	-0.002285
77.400000	-0.3234334966633424	-0.4602256050187468	0.0048074734489594	0.002089
77.500000	-0.2054582945365059	-0.3241869167303196	0.0126154254330337	0.006009
77.600000	-0.0347091140123753	-0.0400834112819199	0.0161524369803778	0.007902
77.700000	0.1546461644589460	0.2433508149952495	0.0144524098830879	0.006781
77.800000	0.3043545678039662	0.4139818211225522	0.0076105343098460	0.003486
77.900000	0.3383566042977909	0.4675839438533352	-0.0019761680195542	-0.000785
78.000000	0.2476959065514519	0.3817832624242197	-0.0106576780558089	-0.004972
78.100000	0.0880708773048442	0.1319898275904604	-0.0155848970656683	-0.007630
78.200000	-0.0989098820963104	-0.1687592742230224	-0.0154937851376756	-0.007381
78.300000	-0.2687550290258656	-0.3754000136436312	-0.0100436785491822	-0.004598
78.400000	-0.3417985934622542	-0.4630221208735036	-0.0009242619814286	-0.000516
78.500000	-0.2839044184525989	-0.4235922262934788	0.0083695397578624	0.003810
78.600000	-0.1388188432242715	-0.2186034102497711	0.0145823266486525	0.007090
78.700000	0.0423974223158150	0.0852232128218094	0.0160478930097965	0.007753
78.800000	0.2246104596671001	0.3265763803004499	0.0121310506785565	0.005594
78.900000	0.3331896786559682	0.4479240770476132	0.0037951808758609	0.001789
79.000000	0.3122761232610388	0.4500727895000410	-0.0058122259363760	-0.002568
79.100000	0.1864670895751337	0.2950954460681496	-0.0131676058150672	-0.006315
79.200000	0.0132527273590141	0.0043590137165168	-0.0161218044623635	-0.007866
79.300000	-0.1742089937877961	-0.2671209101970429	-0.0138057732235846	-0.006444
79.400000	-0.3127206602250452	-0.4230847746937904	-0.0065375438171855	-0.003007
79.500000	-0.3310881805185816	-0.4625253420207298	0.0030621124443202	0.001284
79.600000	-0.2301422987755624	-0.3579738142384955	0.0113685669385649	0.005351
79.700000	-0.0670268744873390	-0.0957708930427821	0.0157342397368866	0.007704
79.800000	0.1199617168717801	0.1971343127241129	0.0150230278707139	0.007116
79.900000	0.2813748217448808	0.3886263341206886	0.0090562838063126	0.004145
80.000000	0.3389753252289013	0.4625534868148175	-0.0002074116357558	0.000009
80.100000	0.2684749667079006	0.4055394408091786	-0.0092242823120013	-0.004244
80.200000	0.1183789225388527	0.1839793722006194	-0.0149075270196468	-0.007271
80.300000	-0.0641275506717990	-0.1176512730712153	-0.0157617331101092	-0.007575
80.400000	-0.2408139539974598	-0.3442078880822301	-0.0112646678286544	-0.005179
80.500000	-0.3351263932509168	-0.4516425990361206	-0.0026563561907773	-0.001283
80.600000	-0.2997532245679357	-0.4377180063344686	0.0067889945671195	0.003041
80.700000	-0.1668717754331961	-0.2639948856701301	0.0136639693854998	0.006592
80.800000	0.0085406456813747	0.0309862184306576	0.0160217107898955	0.007789
80.900000	0.1931608664444734	0.2894024720546858	0.0130898406794142	0.006081
81.000000	0.3194306500684627	0.4308133954057241	0.0054313780137346	0.002514
81.100000	0.3222265367453511	0.4554977081940974	-0.0041324378760232	-0.001783
81.200000	0.2118055163598470	0.3318108991002934	-0.0120286545316483	-0.005707
81.300000	0.0455555925807126	0.0591985251594701	-0.0158173729079910	-0.007737
81.400000	-0.1407573784390959	-0.2241009772376579	-0.0144786785349314	-0.006819
81.500000	-0.2925519469327792	-0.4004413072319803	-0.0080221254909142	-0.003676
81.600000	-0.3343988055683060	-0.4603582300573549	0.0013373426155726	0.000503
81.700000	-0.2520161669597500	-0.3850482128329555	0.0100354374016815	0.004663
81.800000	-0.0974559872736661	-0.1482152521502297	0.0151697201834056	0.007414
81.900000	0.0859069058786949	0.1489375840725969	0.0154010563236722	0.007360
82.000000	0.2558745028871818	0.3603516041742994	0.0103394990926412	0.004744
82.100000	0.3352460623359467	0.4538243436538610	0.0015045794840181	0.000770
82.200000	0.2859290051320747	0.4230288924267131	-0.0077318512551996	-0.003506
82.300000	0.1467101398496007	0.2310661040092627	-0.0141007070895362	-0.006836
82.400000	-0.0306017140882525	-0.0656795159755725	-0.0158487734210949	-0.007672
82.500000	-0.2113227795596444	-0.3101389195732059	-0.0123057335954530	-0.005693
82.600000	-0.3243773659922973	-0.4370979097378322	-0.0042974234542843	-0.002010
82.700000	-0.3118115017310928	-0.4463453532551577	0.0051807908121852	0.002279
82.800000	-0.1927479571142482	-0.3033578404542013	0.0126335874643314	0.006038
82.900000	-0.0236911118363275	-0.0225872766425845	0.0158306791288526	0.007728
83.000000	0.1611311533135098	0.2495536738222318	0.0138601976624028	0.006492
83.100000	0.3021397804880971	0.4108050668212400	0.0069458086285306	0.003192
83.200000	0.3280736644150811	0.4562835451634613	-0.0024590307040034	-0.001016
83.300000	0.2346060086288781	0.3620759617462327	-0.0107979069916095	-0.005064
83.400000	0.0760713642066606	0.1116144431990112	-0.0153653276325990	-0.007515
83.500000	-0.1076014144654805	-0.1789050911728445	-0.0149638515122538	-0.007110
83.600000	-0.2696196105954751	-0.3749769696460225	-0.0093590284780466	-0.004291
83.700000	-0.3335092819218079	-0.4543434048491610	-0.0003461864725045	-0.000251
83.800000	-0.2708790250755611	-0.4058922114260647	0.0086349651833454	0.003960
83.900000	-0.1260145341782948	-0.1965415491505908	0.0144741331929482	0.007044
84.000000	0.0528401909674171	0.0994661705406498	0.0155999334117695	0.007514
84.100000	0.2285111342198080	0.3292864940825675	0.0114554391310174	0.005282
84.200000	0.3274725028712518	0.4418534924707180	0.0031415794296078	0.001496
84.300000	0.2998992786737253	0.4349188395153488	-0.0062007784649225	-0.002769
84.400000	0.1730264975451370	0.2727339690210147	-0.0131792311724362	-0.006339
84.500000	0.0014823441732226	-0.0137490881029115	-0.0157706299866762	-0.007674
84.600000	-0.1809050950773879	-0.2734086445857896	-0.0131678725308648	-0.006137
84.700000	-0.3100048159032227	-0.4196696492659502	-0.0058325567751106	-0.002694
84.800000	-0.3200241131423452	-0.4501720196066701	0.0035657794603388	0.001528
84.900000	-0.2163229882220149	-0.3366245954363452	0.0115068293042886	0.005442
85.000000	-0.0542511814132793	-0.0745038288896783	0.0154907805845778	0.007574
85.100000	0.1290578722351829	0.2074034814953843	0.0144487886632705	0.006826
85.200000	0.2818826210588596	0.3880541755953861	0.0083274940115957	0.003819
85.300000	0.3298981887528842	0.4530604356932453	-0.0008121366742221	-0.000272
85.400000	0.2546874086567791	0.3862215510288485	-0.0094926690892953	-0.004398
85.500000	0.1048135329891305	0.1607000961481717	-0.0147806473776055	-0.007211
85.600000	-0.0751435924002050	-0.1321151915992225	-0.0152725806668496	-0.007317
85.700000	-0.2445409799949429	-0.3468110304987170	-0.0105418156253676	-0.004848
85.800000	-0.3286488740432394	-0.4449786381789643	-0.0019702182694193	-0.000974
85.900000	-0.2865609581412889	-0.4210806112457445	0.0071860448209449	0.003250
86.000000	-0.1526912196476886	-0.2401166929992699	0.0136616514173061	0.006606
86.100000	0.0210032079260018	0.0495069896726260	0.0156338801280243	0.007578
86.200000	0.1998921583772131	0.2956015539400700	0.0124028761955843	0.005755
86.300000	0.3160302928785323	0.4269750628766727	0.0046881728255295	0.002183
86.400000	0.3102933664874601	0.4418661127215790	-0.0046507754091500	-0.002038
86.500000	0.1972427199685858	0.3087485281671017	-0.0121576015668542	-0.005794
86.600000	0.0320307973249247	0.0372231935566782	-0.0155425367061181	-0.007587
86.700000	-0.1501061298301155	-0.2343094981253110	-0.0138553169543186	-0.006509
86.800000	-0.2925064795606621	-0.3995503283465648	-0.0072498450738077	-0.003331
86.900000	-0.3244166757080174	-0.4498255260360763	0.0019634223962428	0.000797
87.000000	-0.2374434312887961	-0.3639661185709741	0.0102995185437778	0.004817
87.100000	-0.0831348060603549	-0.1238591747513977	0.0150166998601559	0.007336
87.200000	0.0973772290519251	0.1634234077971985	0.0148646802288542	0.007081
87.300000	0.2592294877197119	0.3626844552835549	0.0095685750688686	0.004394
87.400000	0.3278619749373946	0.4463549916096543	0.0007901360923978	0.000446
87.500000	0.2718803526745178	0.4047117215272311	-0.0081303465505757	-0.003719
87.600000	0.1317854011719636	0.2057401784887468	-0.0140770817100886	-0.006836
87.700000	-0.0436765207614839	-0.0844014161819915	-0.0154173870348402	-0.007438
87.800000	-0.2178996464758912	-0.3160842423067708	-0.0115673045046710	-0.005347
87.900000	-0.3201194655938933	-0.4326459249793844	-0.0035189977395407	-0.001662
88.000000	-0.2989426029017422	-0.4312133811942528	0.0057071705210397	0.002542
88.100000	-0.1774351191725883	-0.2785608294805145	0.0127458836087954	0.006115
88.200000	-0.0094594433258277	-0.0001141256221235	0.0155171324059383	0.007554
88.300000	0.1705620101630000	0.2595257515743666	0.0131837504104058	0.006161
88.400000	0.3013477113188759	0.4094252113140051	0.0061316950764198	0.002829
88.500000	0.3170901466227130	0.4444821644944702	-0.0031005007700821	-0.001321
88.600000	0.2192377171221488	0.3391200754967443	-0.0110503388143118	-0.005213
88.700000	0.0610090606114395	0.0863646785157558	-0.0151787709307530	-0.007416
88.800000	-0.1193853704362897	-0.1932178922047591	-0.0143748930046304	-0.006808
88.900000	-0.2723996964818908	-0.3768809805719245	-0.0085402466299143	-0.003921
89.000000	-0.3250908630560469	-0.4458487305196409	0.0003915083276659	0.000087
89.100000	-0.2559510904245471	-0.3857198198311328	0.0090276261633568	0.004173
89.200000	-0.1103469035971792	-0.1698905327142019	0.0144218822081808	0.007025
89.300000	0.0664252921402274	0.1181727967118422	0.0151185460549074	0.007256
89.400000	0.2347328820410045	0.3348209572796088	0.0106641870184974	0.004915
89.500000	0.3221982487482341	0.4365892399592199	0.0023318644674698	0.001132
89.600000	0.2860493564129389	0.4180725539256227	-0.0067281659145149	-0.003037
89.700000	0.1569626012394755	0.2462364213169467	-0.0132675820689145	-0.006402
89.800000	-0.0133954198971921	-0.0364908063492003	-0.0154112724672325	-0.007476
89.900000	-0.1902307862705010	-0.2829781698485002	-0.0124353360243424	-0.005784
90.000000	-0.3082803904973832	-0.4176269570742199	-0.0049792724184211	-0.002313
90.100000	-0.3079648176383210	-0.4368721256287260	0.0042160856732580	0.001842
90.200000	-0.2001584374758288	-0.3117314257896947	0.0117402542211505	0.005582
90.300000	-0.0384747720808801	-0.0485793261126426	0.0152633773357034	0.007448
90.400000	0.1409934698309283	0.2213566438492984	0.0138026862860321	0.006500
90.500000	0.2838845557953965	0.3893729057371170	0.0074621271534323	0.003430
90.600000	0.3203384130456489	0.4433134289912447	-0.0015672671724337	-0.000622
90.700000	0.2388730167436753	0.3640483245270327	-0.0098720781328069	-0.004608
90.800000	0.0884109576408018	0.1328977545083191	-0.0146924989370729	-0.007169
90.900000	-0.0891135412103380	-0.1505920596568283	-0.0147353296261475	-0.007032
91.000000	-0.2501990782961738	-0.3517842742495313	-0.0096974712952413	-0.004461
91.100000	-0.3222170863386369	-0.4386937415858381	-0.0011340434643420	-0.000596
91.200000	-0.2717052196993489	-0.4023206604810448	0.0077070948883097	0.003520
91.300000	-0.1358796395956304	-0.2120115840056062	0.0137188177341159	0.006650
91.400000	0.0364445530974761	0.0722778408628321	0.0152219516033426	0.007351
91.500000	0.2089110455250205	0.3046123858655209	0.0116122983182902	0.005379
91.600000	0.3131997855163163	0.4240881829143859	0.0037993700812362	0.001786
91.700000	0.2971065236857939	0.4268411899605194	-0.0053028649448715	-0.002358
91.800000	0.1802880108273328	0.2819091870647644	-0.0123646965396081	-0.005920
91.900000	0.0155832747523692	0.0108702831202190	-0.0152671156679765	-0.007433
92.000000	-0.1620112798280978	-0.2477275276157329	-0.0131484299421322	-0.006159
92.100000	-0.2935311916763282	-0.4001260348596590	-0.0063402246353731	-0.002924
92.200000	-0.3136310108580940	-0.4385942282622542	0.0027294883251437	0.001157
92.300000	-0.2207481143698773	-0.3396862972702475	0.0106582023545258	0.005019
92.400000	-0.0660142043565625	-0.0951250072843376	0.0148854353488669	0.007266
92.500000	0.1115825804393224	0.1814637263924459	0.0142664215963007	0.006769
92.600000	0.2641114405249185	0.3669507578747694	0.0086719840245805	0.003986
92.700000	0.3201520120451871	0.4388309871747643	-0.0000668232738663	0.000055
92.800000	0.2560127782927978	0.3838613997774792	-0.0086375026982222	-0.003987
92.900000	0.1142338759301481	0.1761795110894506	-0.0140958816916433	-0.006856
93.000000	-0.0595746325904165	-0.1069601472228352	-0.0149465969680651	-0.007182
93.100000	-0.2263988045729896	-0.3243894342035927	-0.0107178554140946	-0.004949
93.200000	-0.3160253689410423	-0.4287232349494351	-0.0025992916949474	-0.001250
93.300000	-0.2845989388194028	-0.4142457332843092	0.0063535917564147	0.002865
93.400000	-0.1597008198462798	-0.2498275729485014	0.0129193916160953	0.006223
93.500000	0.0075963368375746	0.0264030577393794	0.0151867469644897	0.007369
93.600000	0.1822366530962544	0.2722456111508860	0.0124134732266029	0.005786
93.700000	0.3012051912457609	0.4090949628981099	0.0051811990276635	0.002404
93.800000	0.3050177210870885	0.4315331116104681	-0.0038704083811321	-0.001688
93.900000	0.2016763332551409	0.3126780561150131	-0.0113808392075171	-0.005402
94.000000	0.0431996941291289	0.0569559845129774	-0.0149972498902119	-0.007315
94.100000	-0.1336532446273566	-0.2106269837009977	-0.0137113401651514	-0.006469
94.200000	-0.2762935257252378	-0.3802963058875702	-0.0075933753618028	-0.003493
94.300000	-0.3160049560130178	-0.4368581706348350	0.0012628009971661	0.000489
94.400000	-0.2390818025595186	-0.3626347287611604	0.0095132189061713	0.004434
94.500000	-0.0920688104380824	-0.1390821271469710	0.0143951895121819	0.007016
94.600000	0.0826474503604889	0.1402838783266972	0.0145832186357561	0.006969
94.700000	0.2424918112630459	0.3422810634948134	0.0097562050757769	0.004495
94.800000	0.3167029777176158	0.4314270755118037	0.0013867903816826	0.000706
94.900000	0.2705410935514636	0.3989603480316570	-0.0073611747991394	-0.003359
95.000000	0.1384623689978432	0.2157262342238165	-0.0134003265378208	-0.006486
95.100000	-0.0309730888239692	-0.0629002439609343	-0.0150193186366648	-0.007258
95.200000	-0.2014598145887476	-0.2948492103994735	-0.0116001960949110	-0.005384
95.300000	-0.3067945858594615	-0.4162187635772877	-0.0039923019266616	-0.001871
95.400000	-0.2945689106935095	-0.4219751297274661	0.0049822503501792	0.002214
95.500000	-0.1817518635711561	-0.2831311880109333	0.0120351820063801	0.005754
95.600000	-0.0200223826644456	-0.0187812959522140	0.0150245916445629	0.007314
95.700000	0.1551291801577230	0.2379547566955987	0.0130705444473803	0.006133
95.800000	0.2865838099443524	0.3917911616175928	0.0064680535700267	0.002983
95.900000	0.3098033796372710	0.4326224734393201	-0.0024457529472880	-0.001032
96.000000	0.2210248920178601	0.3386272451855775	-0.0103284165351744	-0.004858
96.100000	0.0694279302621516	0.1010987649104671	-0.0146132461459279	-0.007127
96.200000	-0.1055006795192989	-0.1720319561591995	-0.0141305564886736	-0.006714
96.300000	-0.2569940387578747	-0.3582648047185266	-0.0087324836784979	-0.004019
96.400000	-0.3152060505924978	-0.4320760990026362	-0.0001699967701568	-0.000157
96.500000	-0.2550441009880535	-0.3808866800503208	0.0083187645050615	0.003837
96.600000	-0.1166301390480755	-0.1799061367512199	0.0138037032407610	0.006705
96.700000	0.0544313126817705	0.0983091206667338	0.0147623127408950	0.007099
96.800000	0.2194679252046243	0.3154950662296049	0.0107120295768816	0.004954
96.900000	0.3102131849800414	0.4214177683872201	0.0027813136819369	0.001329
97.000000	0.2823742562477088	0.4097755479858141	-0.0060573226333840	-0.002730
97.100000	0.1610604295706591	0.2512215355470886	-0.0126167654561832	-0.006069
97.200000	-0.0034454759617067	-0.0190150984815141	-0.0149642803382502	-0.007262
97.300000	-0.1758009522570463	-0.2633509349658090	-0.0123455193855983	-0.005764
97.400000	-0.2948402761611113	-0.4013948040318163	-0.0053031156651407	-0.002459
97.500000	-0.3015992977554047	-0.4259667120332782	0.0036074402610715	0.001572
97.600000	-0.2019529649701447	-0.3118824192676515	0.0110776518298265	0.005253
97.700000	-0.0463599574508060	-0.0626325724254405	0.0147466363175194	0.007189
97.800000	0.1279500943973069	0.2020255359252214	0.0135882149512158	0.006420
97.900000	0.2697203952487821	0.3723187872411820	0.0076527047227960	0.003524
98.000000	0.3115359849761362	0.4305308932908079	-0.0010426658244533	-0.000394
98.100000	0.2382271054266674	0.3599634876080471	-0.0092198311018797	-0.004295
98.200000	0.0942561974899876	0.1427212247792443	-0.0141258882837319	-0.006877
98.300000	-0.0778294729822860	-0.1323528650135110	-0.0144138060893494	-0.006894
98.400000	-0.2360498313152081	-0.3341530415837199	-0.0097534429414331	-0.004500
98.500000	-0.3114029960853130	-0.4245920610639869	-0.0015564743500255	-0.000779
98.600000	-0.2685400268726128	-0.3948080285901758	0.0070881163047662	0.003234
98.700000	-0.1396781012803610	-0.2171940169968307	0.0131214323114064	0.006343
98.800000	0.0271097013940355	0.0560683801349802	0.0148134282931120	0.007160
98.900000	0.1954507152831025	0.2867460846239880	0.0115388328273802	0.005364
99.000000	0.3009447018905267	0.4090512261949330	0.0041062767992217	0.001922
99.100000	0.2914676958879084	0.4167360728349724	-0.0047396271436368	-0.002106
99.200000	0.1819711555916382	0.2825092811762956	-0.0117558797912412	-0.005615
99.300000	0.0229247170143812	0.0240957081480316	-0.0147920540515548	-0.007198
99.400000	-0.1497930239616936	-0.2301231959180908	-0.0129567793171860	-0.006088
99.500000	-0.2805016089865018	-0.3844162926426169	-0.0065236849369325	-0.003011
99.600000	-0.3057217062455934	-0.4266407666671160	0.0022425786606609	0.000944
99.700000	-0.2202126401151387	-0.3361775280730963	0.0100582286115088	0.004728
99.800000	-0.0713914224802916	-0.1045664976143257	0.0143633722537428	0.007000
99.900000	0.1010007442880938	0.1647944451059822	0.0139726283730937	0.006646
100.000000	0.2510009757513604	0.3508005662781783	0.0087299001847277	0.004023
